[{"scene_id": 0, "image_id": 0, "category_id": 1, "bbox": [156, 46, 59, 50], "score": 0.04171539843082428, "time": 0.0, "segmentation": {"counts": [74949, 5, 471, 12, 466, 16, 462, 20, 459, 22, 457, 24, 454, 28, 451, 30, 449, 32, 447, 34, 446, 34, 445, 36, 443, 38, 441, 40, 440, 40, 439, 42, 438, 42, 437, 44, 436, 44, 435, 46, 434, 46, 433, 48, 432, 48, 432, 48, 432, 49, 430, 50, 430, 50, 430, 50, 430, 51, 429, 51, 429, 51, 429, 51, 429, 51, 429, 51, 429, 51, 429, 50, 430, 50, 430, 50, 430, 50, 430, 50, 430, 49, 431, 49, 431, 49, 431, 48, 432, 48, 433, 46, 434, 45, 435, 45, 436, 43, 438, 41, 439, 40, 441, 38, 442, 37, 444, 35, 446, 33, 448, 30, 451, 27, 455, 23, 458, 18, 465, 12, 203928], "size": [480, 640]}, "R": [[0.08250875025987625, 0.9245789051055908, -0.3719501197338104], [0.6229067444801331, 0.24349060654640198, 0.743438184261322], [0.7779330611228943, -0.2930299639701843, -0.5558359622955322]], "t": [-291.0328674316406, -343.56866455078125, 1181.445556640625]}, {"scene_id": 0, "image_id": 0, "category_id": 1, "bbox": [337, 302, 57, 44], "score": 0.026266738772392273, "time": 0.0, "segmentation": {"counts": [162081, 10, 467, 15, 458, 24, 454, 27, 452, 29, 451, 30, 449, 32, 448, 32, 448, 33, 447, 34, 446, 34, 446, 35, 446, 35, 445, 35, 444, 37, 443, 37, 442, 39, 440, 40, 439, 42, 438, 42, 437, 43, 437, 43, 437, 44, 436, 44, 436, 44, 436, 44, 435, 45, 436, 44, 436, 44, 436, 44, 436, 44, 437, 43, 437, 43, 438, 42, 438, 41, 439, 41, 440, 40, 440, 40, 441, 39, 441, 39, 443, 36, 445, 35, 446, 34, 447, 32, 450, 30, 450, 30, 451, 28, 452, 28, 453, 26, 454, 26, 454, 25, 456, 23, 457, 22, 458, 21, 460, 18, 462, 17, 464, 15, 466, 11, 117749], "size": [480, 640]}, "R": [[-0.9902001023292542, -0.012426942586898804, -0.13910554349422455], [0.10170228779315948, 0.6184640526771545, -0.7792043685913086], [0.0957145094871521, -0.7857154607772827, -0.611138641834259]], "t": [68.0973892211914, 98.80764770507812, 996.3297729492188]}, {"scene_id": 0, "image_id": 0, "category_id": 1, "bbox": [187, 385, 25, 26], "score": 0.03230038285255432, "time": 0.0, "segmentation": {"counts": [90155, 10, 468, 13, 467, 14, 465, 15, 465, 15, 465, 18, 458, 24, 455, 25, 454, 26, 454, 26, 454, 26, 454, 26, 454, 26, 454, 26, 454, 26, 453, 27, 453, 26, 454, 26, 454, 26, 454, 26, 454, 26, 454, 26, 454, 26, 454, 25, 455, 25, 456, 23, 205031], "size": [480, 640]}, "R": [[0.5224098563194275, -0.8421264886856079, -0.1338283121585846], [-0.7885993123054504, -0.41745543479919434, -0.4514883756637573], [0.3243432343006134, 0.34139901399612427, -0.8821837306022644]], "t": [-238.53550720214844, 235.27703857421875, 895.27001953125]}, {"scene_id": 0, "image_id": 0, "category_id": 1, "bbox": [122, 119, 44, 55], "score": 0.015971999615430832, "time": 0.0, "segmentation": {"counts": [58697, 5, 472, 11, 466, 16, 462, 19, 460, 21, 458, 23, 456, 25, 454, 26, 453, 28, 451, 29, 451, 30, 449, 32, 448, 33, 447, 33, 446, 35, 445, 36, 444, 37, 442, 38, 442, 39, 441, 40, 440, 41, 438, 43, 437, 45, 435, 46, 434, 49, 431, 52, 428, 54, 427, 54, 426, 54, 426, 54, 426, 55, 426, 54, 426, 53, 428, 52, 428, 52, 429, 51, 429, 51, 430, 49, 432, 48, 432, 47, 435, 45, 437, 42, 441, 38, 446, 33, 452, 26, 227353], "size": [480, 640]}, "R": [[-0.1714511513710022, -0.7790043354034424, -0.6031231880187988], [0.4902900457382202, 0.46352851390838623, -0.7380768656730652], [0.8545297384262085, -0.42224931716918945, 0.3024651110172272]], "t": [-403.6237487792969, -243.6771697998047, 1221.4925537109375]}, {"scene_id": 0, "image_id": 0, "category_id": 1, "bbox": [376, 227, 59, 89], "score": 0.6936286091804504, "time": 0.0, "segmentation": {"counts": [180758, 16, 451, 31, 440, 42, 3, 8, 423, 58, 417, 64, 412, 69, 408, 73, 405, 76, 402, 79, 400, 80, 399, 81, 399, 82, 397, 83, 396, 84, 396, 84, 396, 84, 395, 86, 394, 86, 393, 87, 393, 86, 394, 86, 394, 85, 395, 84, 396, 84, 396, 82, 398, 81, 399, 81, 399, 80, 400, 80, 400, 80, 400, 80, 401, 79, 401, 79, 401, 79, 401, 79, 402, 77, 402, 78, 402, 78, 401, 79, 399, 80, 399, 81, 399, 80, 400, 79, 401, 79, 401, 78, 402, 77, 404, 5, 1, 70, 411, 67, 415, 64, 416, 63, 418, 61, 420, 58, 423, 55, 426, 51, 430, 45, 436, 36, 446, 31, 450, 28, 457, 20, 467, 11, 98131], "size": [480, 640]}, "R": [[0.9485487937927246, 0.31251853704452515, -0.05086785927414894], [0.25183695554733276, -0.8420184254646301, -0.47705626487731934], [-0.19192063808441162, 0.43970057368278503, -0.8773993253707886]], "t": [135.9119873046875, 44.799171447753906, 970.680419921875]}, {"scene_id": 0, "image_id": 0, "category_id": 1, "bbox": [345, 128, 56, 61], "score": 0.3071202039718628, "time": 0.0, "segmentation": {"counts": [165739, 6, 473, 9, 469, 13, 466, 16, 462, 20, 459, 23, 456, 25, 455, 27, 453, 29, 450, 31, 448, 34, 446, 35, 445, 37, 443, 38, 441, 40, 440, 42, 438, 43, 437, 45, 435, 46, 434, 48, 432, 49, 431, 52, 428, 53, 427, 55, 425, 57, 424, 57, 424, 57, 425, 56, 425, 56, 425, 56, 425, 55, 426, 54, 426, 48, 433, 44, 437, 41, 439, 40, 441, 38, 443, 36, 445, 34, 448, 31, 451, 28, 453, 26, 456, 24, 457, 22, 460, 20, 461, 19, 462, 17, 464, 15, 466, 14, 467, 13, 468, 11, 470, 10, 470, 10, 471, 9, 472, 8, 473, 7, 475, 5, 114552], "size": [480, 640]}, "R": [[0.7791787385940552, 0.4966908097267151, 0.3823334574699402], [0.13434335589408875, -0.7281357049942017, 0.6721382141113281], [0.6122360229492188, -0.4723517894744873, -0.6340750455856323]], "t": [104.46038818359375, -107.98129272460938, 993.8318481445312]}, {"scene_id": 0, "image_id": 0, "category_id": 1, "bbox": [376, 183, 59, 133], "score": 0.5559653043746948, "time": 0.0, "segmentation": {"counts": [180758, 16, 451, 30, 9, 3, 428, 42, 3, 10, 422, 59, 415, 66, 410, 71, 407, 74, 404, 76, 402, 79, 400, 80, 399, 59, 1, 22, 398, 82, 397, 83, 396, 85, 394, 86, 394, 86, 394, 86, 394, 86, 393, 87, 393, 87, 393, 86, 394, 85, 395, 85, 395, 84, 396, 83, 397, 82, 398, 81, 399, 77, 403, 77, 403, 79, 401, 80, 401, 79, 401, 79, 401, 79, 353, 7, 41, 78, 354, 7, 41, 78, 358, 3, 41, 78, 402, 78, 401, 78, 370, 1, 30, 79, 369, 3, 28, 80, 399, 80, 400, 79, 401, 79, 401, 78, 402, 78, 403, 76, 406, 2, 3, 68, 414, 65, 415, 63, 418, 61, 420, 59, 422, 55, 425, 53, 429, 47, 434, 37, 445, 31, 451, 26, 458, 20, 467, 11, 98131], "size": [480, 640]}, "R": [[0.9503674507141113, 0.3066277503967285, -0.052726589143276215], [0.2459774911403656, -0.8442637920379639, -0.47614502906799316], [-0.19051438570022583, 0.43954363465309143, -0.8777849078178406]], "t": [135.9368133544922, 44.7952766418457, 970.8909301757812]}]